Tabela napak za n=1,2,3,...,40: 

nap =

  Columns 1 through 4

   1.000000000000000   1.000000000000000   0.758089194157370   0.629450701314478

  Columns 5 through 8

   0.540911624406416   0.474907060170940   0.423643379076502   0.382375534174602

  Columns 9 through 12

   0.348426506003684   0.320004838235918   0.295892905085587   0.275262391729404

  Columns 13 through 16

   0.257316079404945   0.241562680594851   0.227623860510325   0.215203529550307

  Columns 17 through 20

   0.204066647508139   0.194024264807768   0.184922757373140   0.176635943895238

  Columns 21 through 24

   0.169059223287126   0.162105152992171   0.155700071283391   0.149781486911660

  Columns 25 through 28

   0.144296040187252   0.139197894730340   0.134447457402845   0.130010350886144

  Columns 29 through 32

   0.125856582601569   0.121959867564632   0.118297072916604   0.114847759375338

  Columns 33 through 36

   0.111593800440324   0.108519064397911   0.105609147370718   0.102851148104156

  Columns 37 through 40

   0.100233477072620   0.097745693956760   0.095378368692812   0.093122962200565

Iskan indeks: 

nn =

    38

