Gramova matrika: 

G =

   2.000000000000000                   0   1.682941969615792                   0
                   0   0.545351286587159                   0   0.397215491060637
   1.682941969615792                   0   1.454648713412841                   0
                   0   0.397215491060637                   0   0.297300155956741

desna stran sistema: 

d =

   3.588792794066976
   1.248620626810755
   2.786366022222573
   0.859439959168804

resitev sistema:

K =

   6.897592303587087
   6.853455092582247
  -6.064613039175244
  -6.265918579485478

druga norma razlike:

ans =

   0.259805556643502

