Vrednosti polinoma p v tockah q(pi*i/20):

pqt =

   1.0e+02 *

  Columns 1 through 4

                   0   0.001375748674607   0.003226207816412   0.004761471536557

  Columns 5 through 8

   0.006018276032632   0.007584776799228   0.009654221319928   0.007690648754881

  Columns 9 through 11

  -0.015908146312113   0.010955340741155   1.575883656830193

Vrednosti polinoma q v tockah p(pi*i/20):

qpt =

  Columns 1 through 4

                   0   0.137258798244113   0.322424619407085   0.479497836775360

  Columns 5 through 8

   0.605675541275891   0.737127218884987   0.908095476061451   1.121623678004232

  Columns 9 through 11

   1.342191508576570   1.510380516291264   1.570796326794897

primerjava q(p(t_i)) - t_i za t_i=pi*i/20

ans =

  Columns 1 through 4

                   0   0.019820834435377   0.008265354048105   0.008258938736891

  Columns 5 through 8

   0.022642989442068   0.048270944512461   0.034382320015487   0.022066249247804

  Columns 9 through 11

   0.085554447140653   0.096663822175857                   0



------------- bolj smiselna primerjava za p(q(t)) -------------------------------------------
Vrednosti polinoma p v tockah q(f(pi*i/20)):

pqft =

  Columns 1 through 4

                   0   0.136829112154192   0.316867110161528   0.461333686555991

  Columns 5 through 8

   0.569318783552659   0.672177996825469   0.788346085711626   0.900813874344022

  Columns 9 through 11

   0.974106142180789   0.998328402943327   1.000000000000000

primerjava p(q(f(t_i))) - f(t_i) za t_i=pi*i/20

ans =

  Columns 1 through 4

                   0   0.019605352886039   0.007850115786581   0.007343186816444

  Columns 5 through 8

   0.018466468739814   0.034928784361078   0.020670908663321   0.009807350155654

  Columns 9 through 11

   0.023049625885636   0.010640062348189                   0


